central_baryon_density,M,R,Lambda
280000000000000.0,0.18049193489467993,11.646950465348256,8472962.907305302
299797979797979.75,0.20272666730496228,11.423298556055096,4685367.232178023
319595959595959.6,0.2293058023809546,11.250372798132078,2537263.3945536735
339393939393939.4,0.2591055676312111,11.132252356369587,1395602.6453248493
359191919191919.25,0.2916038092599953,11.06020145225141,788157.3920997006
378989898989898.94,0.3290463572276975,11.022263669858804,441099.5451194325
398787878787878.75,0.3680939008291158,11.014513616253293,257627.99895857114
418585858585858.6,0.4113572617643922,11.029126227843392,151057.13384099008
438383838383838.4,0.4560203713130252,11.059593283635529,91831.2739230114
458181818181818.2,0.5042590117760066,11.10288425312098,56306.818363230515
477979797979798.06,0.5528674996056177,11.152490281424633,35822.955633812744
497777777777777.8,0.6051658126121109,11.209082997134265,22858.984277841082
517575757575757.6,0.6565625187670435,11.265794252338056,15163.963133998725
537373737373737.44,0.7110923317071014,11.325182688879785,10087.129859531473
557171717171717.1,0.7651083050690669,11.382440165244011,6898.74881758749
576969696969697.0,0.8190857991802453,11.437252813169831,4815.036150834365
596767676767676.8,0.8746348562245818,11.490720233422856,3385.979131613478
616565656565656.6,0.9284556563896094,11.539284095893013,2443.4895003657
636363636363636.5,0.9825558627859584,11.584554544921787,1782.73075994327
656161616161616.2,1.0366177107117183,11.626200777693855,1315.5670836603658
675959595959596.0,1.088676106122189,11.662857129336956,990.8846785351826
695757575757575.8,1.1402585648561983,11.695503065990186,753.949947516744
715555555555555.6,1.191477235917206,11.724278771901924,578.6794005205871
735353535353535.5,1.2405583334978898,11.748460005352735,451.4735920611878
755151515151515.4,1.2878480104175816,11.768440510215001,356.9820357678227
774949494949494.8,1.335200144441723,11.784986249777821,283.175769867184
794747474747474.6,1.3803919229186348,11.797542700981126,227.67270588971124
814545454545454.5,1.423539020836227,11.806399815500333,185.24817323186477
834343434343434.4,1.4654114935166087,11.811906479917639,151.88043003163057
854141414141414.2,1.5061310417315212,11.814236132993683,125.34086223787858
873939393939394.1,1.5448568272799152,11.813528388273172,104.49534122010348
893737373737373.6,1.5817380560626326,11.809992280792825,87.89042689620847
913535353535353.5,1.6171482145441256,11.8038695530499,74.43457827065266
933333333333333.5,1.6512235841778773,11.795226237584439,63.41195188648693
953131313131313.2,1.6835508928244558,11.78432873200397,54.43503511254961
972929292929293.1,1.714222564139654,11.771399709716896,47.0585050723096
992727272727272.6,1.7433470794056705,11.756608278274156,40.94016570279945
1012525252525252.5,1.771168419847608,11.739981422435106,35.80109817998151
1032323232323232.4,1.7974860970160131,11.721759551678655,31.49343211591466
1052121212121212.1,1.822390185682568,11.702080248599898,27.855392281422937
1071919191919191.9,1.8459555653793793,11.681071077695114,24.762292418979786
1091717171717171.8,1.8682852589588994,11.658843961460052,22.114761919501298
1111515151515151.5,1.8892285810058427,11.635702356258086,19.85665767096038
1131313131313131.5,1.908989213574692,11.611568409193659,17.906115064391297
1151111111111111.2,1.9276392612841826,11.586499421291151,16.211359044114566
1170909090909091.0,1.9452573666264006,11.560565835681896,14.73151510007365
1190707070707071.0,1.9618766680325836,11.533859617758543,13.432616489878251
1210505050505050.5,1.9773228078987968,11.50691663934092,12.306318175675916
1230303030303030.2,1.9917500225998064,11.479540906621486,11.316883549149285
1250101010101010.2,2.0053199059992846,11.451604377877162,10.437763476330902
1269898989898990.0,2.018078755971097,11.423138937260411,9.653740474611274
1289696969696970.0,2.0300592596669875,11.394187892541302,8.952509523969248
1309494949494949.5,2.0413383139035055,11.364786679880943,8.321282032359088
1329292929292929.2,2.0515936807540447,11.335962452800814,7.770363652491874
1349090909090909.0,2.0611682687418864,11.306937171635138,7.273740467559965
1368888888888889.0,2.070084704675258,11.277639212109992,6.824254694788775
1388686868686868.8,2.0784118906758766,11.248056160332835,6.415063485601547
1408484848484848.5,2.086227169531951,11.218183867227863,6.041051179454574
1428282828282828.2,2.0934600758985678,11.188093012614267,5.69970152314511
1448080808080807.8,2.100078268746218,11.158462734852272,5.392669107943641
1467878787878788.0,2.1060593103708474,11.12941190826444,5.11763515392863
1487676767676768.0,2.111603713767361,11.100250145111062,4.863853312732461
1507474747474747.5,2.1166984795600063,11.070979830137142,4.6296161530715825
1527272727272727.8,2.1213984277852185,11.041573157594396,4.4127546319668625
1547070707070707.2,2.1256871559776274,11.012061301860314,4.211913302864314
1566868686868687.0,2.129631353736405,10.982430062355792,4.024788800698716
1586666666666666.5,2.133419800202578,10.950991927869332,3.840917567026996
1606464646464646.2,2.1370505570599483,10.917456128641149,3.659147171434768
1626262626262626.0,2.140326745941487,10.883898676759047,3.4905908937207255
1646060606060606.2,2.143250726077071,10.850358898955868,3.3338509795138163
1665858585858585.8,2.145848160047443,10.816839708078227,3.1879485268321788
1685656565656565.8,2.148128830353942,10.783358814793479,3.0518218342675647
1705454545454545.5,2.150139225853545,10.74991416628651,2.9243940766871774
1725252525252525.0,2.151893691872184,10.716543828362996,2.8049285328032747
1745050505050505.2,2.153428084292907,10.681428651856029,2.6874766665362673
1764848484848484.8,2.154741536317176,10.645961653806992,2.5757717114520773
1784646464646465.0,2.1557865048287437,10.610720844771274,2.471411193515496
1804444444444444.8,2.156596803733945,10.575660017258432,2.373747590384076
1824242424242424.2,2.1571544507863667,10.540820323186127,2.282277171372596
1844040404040404.0,2.1575195789818835,10.506155893988863,2.1962957204405087
1863838383838384.0,2.157698110324708,10.471709817856505,2.1151893885772566
1883636363636363.5,2.1576503317221025,10.437444149022093,2.0389225996366123
1903434343434343.8,2.1574815748217966,10.404766487341686,1.9698360277603855
1923232323232323.0,2.157133915856037,10.373948508675895,1.9076270151799728
1943030303030302.8,2.156637115005839,10.34341715337643,1.8489842157687844
1962828282828282.8,2.155974552911182,10.313111143731579,1.7936068296755736
1982626262626262.8,2.155189766839613,10.283052862230646,1.7410082097273811
2002424242424242.8,2.15424174478147,10.253222740197172,1.6913490150202302
2022222222222222.5,2.153174448344779,10.223580693650534,1.6440031379907387
2042020202020202.2,2.151969469194146,10.194130860428023,1.5990420365820004
2061818181818181.8,2.1506439752068016,10.164866261582663,1.5563039454365362
2081616161616161.5,2.1492535245091133,10.13715397011948,1.5175877797280724
2101414141414141.8,2.1478311120807696,10.110791897896181,1.4820595499406057
2121212121212121.2,2.1463171352125925,10.084661041640732,1.4482794050071157
2141010101010101.0,2.1446955087344337,10.058718768113518,1.416032139272046
2160808080808080.5,2.1429766851237653,10.032993710710246,1.3853084533001268
2180606060606060.8,2.1411623142487954,10.007456172079484,1.355933448779866
2200404040404040.8,2.1392596747871653,9.982073830853068,1.3278032757745708
2220202020202020.5,2.1372453528188164,9.956839247086263,1.3010532399109205
2240000000000000.0,2.1351761679930976,9.931780119467469,1.2751864512987978
